#Res  N   CA   CB     C    H   HA
A 125.0 52.8 19.3 178.5 8.35 4.35
C 118.8 58.6 28.3 175.3 8.44 4.59
D 119.1 53.0 38.3 175.9 8.56 4.82
E 120.2 56.1 28.9 176.8 8.40 4.42
F 120.7 58.1 39.8 176.6 8.31 4.65
G 107.5 45.4 ---- 174.9 8.41 4.02
H 118.1 55.4 29.1 175.1 8.56 4.79
I 120.4 61.6 38.9 177.1 8.17 4.21
K 121.6 56.7 33.2 177.4 8.36 4.36
L 122.4 55.5 42.5 178.2 8.28 4.38
M 120.3 55.8 32.9 177.1 8.42 4.52
N 119.0 53.3 39.1 176.1 8.51 4.79
P 133.6 63.0 34.8 177.8 ---- 4.60
Q 120.5 56.2 29.5 176.8 8.44 4.38
R 121.2 56.5 30.9 177.1 8.39 4.38
S 115.5 58.7 64.1 175.4 8.43 4.51
T 112.0 62.0 70.0 175.6 8.25 4.43
V 119.3 62.6 32.8 177.0 8.16 4.16
W 122.1 57.6 29.8 177.1 8.22 4.70
Y 120.9 58.3 38.9 176.7 8.26 4.58
